-0.889844844328 131.234354147
-0.88985356691 131.23487505
-0.889699031257 131.236267008
-0.889644515008 131.236716023
-0.888992639531 131.238305261
-0.888567266576 131.239086348
-0.888087783452 131.239651859
-0.887536054664 131.240091593
-0.887481818153 131.240082579
-0.886288040268 131.240827279
-0.887356020083 131.238825171
-0.887049140945 131.238016701
-0.886940432547 131.238384855
-0.887682145678 131.23772071
-0.88709446848 131.237810166
-0.886352782978 131.238429406
-0.885511889177 131.238662406
-0.88562999801 131.237701515
-0.885349971067 131.237333128
-0.885341285436 131.236749361
-0.884255854451 131.237718653
-0.884282544688 131.238428164
-0.884670842805 131.239146872
-0.884878371966 131.239802605
-0.885140263008 131.24026079
-0.885981106712 131.240108619
-0.887889400102 131.238825492
-0.889129631323 131.23603316
-0.888244803272 131.234182547
-0.88828926121 131.235403986
-0.889211361547 131.235431484
-0.889104130752 131.233374774
-0.88507078926 131.235572693
-0.88528806324 131.235069889
-0.885840048988 131.234208047
-0.886735793079 131.232978189
-0.888011026835 131.232089836
-0.888517025844 131.232521228